10,10,10,10,10,10,10,10,10,MW,10,10,10,10,RG,10,10,10,10,10,10,10,10,10,
1,1,1,1,1,1,10,0,0,0,2,2,2,2,0,0,0,10,3,3,3,3,3,3,
1,1,1,1,1,1,0,0,2,2,2,2,2,2,2,2,0,0,3,3,3,3,3,3,
1,1,1,1,1,1,0,0,2,2,2,2,2,2,2,2,0,0,3,3,3,3,3,3,
1,1,1,1,1,1,0,0,2,2,2,2,2,2,2,2,0,0,3,3,3,3,3,3,
1,1,1,1,1,1,0,0,2,2,2,2,2,2,2,2,0,0,0,3,3,3,3,10,
10,1,1,1,1,1,0,0,2,2,2,2,2,2,2,2,0,0,0,0,0,0,0,MP,
0,0,0,0,0,0,0,0,2,2,2,2,2,2,2,2,0,0,0,0,0,0,0,10,
10,0,0,0,0,0,0,0,0,0,0,0,0,0,0,0,0,0,5,5,5,5,5,5,
4,4,4,4,4,0,0,0,0,0,0,0,0,0,0,0,0,0,5,5,5,5,5,5,
4,4,4,4,4,4,4,4,0,0,10,10,10,10,10,0,0,0,5,5,5,5,5,5,
4,4,4,4,4,4,4,4,0,0,10,10,10,10,10,0,0,0,5,5,5,5,5,5,
4,4,4,4,4,4,4,4,0,0,10,10,10,10,10,0,0,0,5,5,5,5,5,5,
4,4,4,4,4,4,4,4,0,0,10,10,10,10,10,0,0,0,0,0,0,0,0,10,
4,4,4,4,4,4,4,4,0,0,10,10,10,10,10,0,0,0,6,6,6,6,6,10,
4,4,4,4,4,4,4,4,0,0,10,10,10,10,10,0,0,6,6,6,6,6,6,6,
10,0,0,0,0,0,0,0,0,0,10,10,10,10,10,0,0,6,6,6,6,6,6,6,
CM,0,0,0,0,0,0,0,0,0,0,0,0,0,0,0,0,6,6,6,6,6,6,6,
10,0,0,0,0,0,0,0,0,8,8,8,8,8,8,0,0,0,6,6,6,6,6,10,
7,7,7,7,7,7,7,0,0,8,8,8,8,8,8,0,0,0,0,0,0,0,0,PP,
7,7,7,7,7,7,7,0,0,8,8,8,8,8,8,0,0,0,0,0,0,0,0,10,
7,7,7,7,7,7,7,0,0,8,8,8,8,8,8,0,0,9,9,9,9,9,9,9,
7,7,7,7,7,7,7,0,0,8,8,8,8,8,8,0,0,9,9,9,9,9,9,9,
7,7,7,7,7,7,7,0,0,8,8,8,8,8,8,0,0,9,9,9,9,9,9,9,
7,7,7,7,7,7,10,MS,10,8,8,8,8,8,8,10,0,10,9,9,9,9,9,9